127
0 1 1
0 14 1
1 2 1
2 3 1
3 4 1
4 5 1
4 15 1
5 6 1
6 7 1
7 8 1
8 9 1
8 16 1
9 10 1
10 11 1
11 12 1
12 13 1
12 17 1
14 18 1
15 22 1
16 26 1
17 30 1
18 19 1
19 20 1
20 21 1
20 33 1
21 22 1
22 23 1
23 24 1
24 25 1
24 34 1
25 26 1
26 27 1
27 28 1
28 29 1
28 35 1
29 30 1
30 31 1
31 32 1
32 36 1
33 39 1
34 43 1
35 47 1
36 51 1
37 38 1
37 52 1
38 39 1
39 40 1
40 41 1
41 42 1
41 53 1
42 43 1
43 44 1
44 45 1
45 46 1
45 54 1
46 47 1
47 48 1
48 49 1
49 50 1
49 55 1
50 51 1
52 56 1
53 60 1
54 64 1
55 68 1
56 57 1
57 58 1
58 59 1
58 71 1
59 60 1
60 61 1
61 62 1
62 63 1
62 72 1
63 64 1
64 65 1
65 66 1
66 67 1
66 73 1
67 68 1
68 69 1
69 70 1
70 74 1
71 77 1
72 81 1
73 85 1
74 89 1
75 76 1
75 90 1
76 77 1
77 78 1
78 79 1
79 80 1
79 91 1
80 81 1
81 82 1
82 83 1
83 84 1
83 92 1
84 85 1
85 86 1
86 87 1
87 88 1
87 93 1
88 89 1
90 94 1
91 98 1
92 102 1
93 106 1
94 95 1
95 96 1
96 97 1
96 109 1
97 98 1
98 99 1
99 100 1
100 101 1
100 110 1
101 102 1
102 103 1
103 104 1
104 105 1
104 111 1
105 106 1
106 107 1
107 108 1
108 112 1
109 114 1
110 118 1
111 122 1
112 126 1
113 114 1
114 115 1
115 116 1
116 117 1
117 118 1
118 119 1
119 120 1
120 121 1
121 122 1
122 123 1
123 124 1
124 125 1
125 126 1
