433
0 1 1
1 2 1
2 3 1
3 4 1
4 5 1
5 6 1
6 7 1
7 8 1
8 9 1
9 10 1
10 11 1
11 12 1
12 13 1
13 14 1
14 15 1
15 16 1
16 17 1
17 18 1
18 19 1
19 20 1
20 21 1
21 22 1
22 23 1
23 24 1
24 25 1
0 26 1
4 27 1
8 28 1
12 29 1
16 30 1
20 31 1
24 32 1
26 33 1
33 34 1
34 35 1
35 36 1
27 37 1
36 37 1
37 38 1
38 39 1
39 40 1
28 41 1
40 41 1
41 42 1
42 43 1
43 44 1
29 45 1
44 45 1
45 46 1
46 47 1
47 48 1
30 49 1
48 49 1
49 50 1
50 51 1
51 52 1
31 53 1
52 53 1
53 54 1
54 55 1
55 56 1
32 57 1
56 57 1
57 58 1
58 59 1
35 60 1
39 61 1
43 62 1
47 63 1
51 64 1
55 65 1
59 66 1
67 68 1
60 69 1
68 69 1
69 70 1
70 71 1
71 72 1
61 73 1
72 73 1
73 74 1
74 75 1
75 76 1
62 77 1
76 77 1
77 78 1
78 79 1
79 80 1
63 81 1
80 81 1
81 82 1
82 83 1
83 84 1
64 85 1
84 85 1
85 86 1
86 87 1
87 88 1
65 89 1
88 89 1
89 90 1
90 91 1
91 92 1
66 93 1
92 93 1
67 94 1
71 95 1
75 96 1
79 97 1
83 98 1
87 99 1
91 100 1
94 101 1
101 102 1
102 103 1
103 104 1
95 105 1
104 105 1
105 106 1
106 107 1
107 108 1
96 109 1
108 109 1
109 110 1
110 111 1
111 112 1
97 113 1
112 113 1
113 114 1
114 115 1
115 116 1
98 117 1
116 117 1
117 118 1
118 119 1
119 120 1
99 121 1
120 121 1
121 122 1
122 123 1
123 124 1
100 125 1
124 125 1
125 126 1
126 127 1
103 128 1
107 129 1
111 130 1
115 131 1
119 132 1
123 133 1
127 134 1
135 136 1
128 137 1
136 137 1
137 138 1
138 139 1
139 140 1
129 141 1
140 141 1
141 142 1
142 143 1
143 144 1
130 145 1
144 145 1
145 146 1
146 147 1
147 148 1
131 149 1
148 149 1
149 150 1
150 151 1
151 152 1
132 153 1
152 153 1
153 154 1
154 155 1
155 156 1
133 157 1
156 157 1
157 158 1
158 159 1
159 160 1
134 161 1
160 161 1
135 162 1
139 163 1
143 164 1
147 165 1
151 166 1
155 167 1
159 168 1
162 169 1
169 170 1
170 171 1
171 172 1
163 173 1
172 173 1
173 174 1
174 175 1
175 176 1
164 177 1
176 177 1
177 178 1
178 179 1
179 180 1
165 181 1
180 181 1
181 182 1
182 183 1
183 184 1
166 185 1
184 185 1
185 186 1
186 187 1
187 188 1
167 189 1
188 189 1
189 190 1
190 191 1
191 192 1
168 193 1
192 193 1
193 194 1
194 195 1
171 196 1
175 197 1
179 198 1
183 199 1
187 200 1
191 201 1
195 202 1
203 204 1
196 205 1
204 205 1
205 206 1
206 207 1
207 208 1
197 209 1
208 209 1
209 210 1
210 211 1
211 212 1
198 213 1
212 213 1
213 214 1
214 215 1
215 216 1
199 217 1
216 217 1
217 218 1
218 219 1
219 220 1
200 221 1
220 221 1
221 222 1
222 223 1
223 224 1
201 225 1
224 225 1
225 226 1
226 227 1
227 228 1
202 229 1
228 229 1
203 230 1
207 231 1
211 232 1
215 233 1
219 234 1
223 235 1
227 236 1
230 237 1
237 238 1
238 239 1
239 240 1
231 241 1
240 241 1
241 242 1
242 243 1
243 244 1
232 245 1
244 245 1
245 246 1
246 247 1
247 248 1
233 249 1
248 249 1
249 250 1
250 251 1
251 252 1
234 253 1
252 253 1
253 254 1
254 255 1
255 256 1
235 257 1
256 257 1
257 258 1
258 259 1
259 260 1
236 261 1
260 261 1
261 262 1
262 263 1
239 264 1
243 265 1
247 266 1
251 267 1
255 268 1
259 269 1
263 270 1
271 272 1
264 273 1
272 273 1
273 274 1
274 275 1
275 276 1
265 277 1
276 277 1
277 278 1
278 279 1
279 280 1
266 281 1
280 281 1
281 282 1
282 283 1
283 284 1
267 285 1
284 285 1
285 286 1
286 287 1
287 288 1
268 289 1
288 289 1
289 290 1
290 291 1
291 292 1
269 293 1
292 293 1
293 294 1
294 295 1
295 296 1
270 297 1
296 297 1
271 298 1
275 299 1
279 300 1
283 301 1
287 302 1
291 303 1
295 304 1
298 305 1
305 306 1
306 307 1
307 308 1
299 309 1
308 309 1
309 310 1
310 311 1
311 312 1
300 313 1
312 313 1
313 314 1
314 315 1
315 316 1
301 317 1
316 317 1
317 318 1
318 319 1
319 320 1
302 321 1
320 321 1
321 322 1
322 323 1
323 324 1
303 325 1
324 325 1
325 326 1
326 327 1
327 328 1
304 329 1
328 329 1
329 330 1
330 331 1
307 332 1
311 333 1
315 334 1
319 335 1
323 336 1
327 337 1
331 338 1
339 340 1
332 341 1
340 341 1
341 342 1
342 343 1
343 344 1
333 345 1
344 345 1
345 346 1
346 347 1
347 348 1
334 349 1
348 349 1
349 350 1
350 351 1
351 352 1
335 353 1
352 353 1
353 354 1
354 355 1
355 356 1
336 357 1
356 357 1
357 358 1
358 359 1
359 360 1
337 361 1
360 361 1
361 362 1
362 363 1
363 364 1
338 365 1
364 365 1
339 366 1
343 367 1
347 368 1
351 369 1
355 370 1
359 371 1
363 372 1
366 373 1
373 374 1
374 375 1
375 376 1
367 377 1
376 377 1
377 378 1
378 379 1
379 380 1
368 381 1
380 381 1
381 382 1
382 383 1
383 384 1
369 385 1
384 385 1
385 386 1
386 387 1
387 388 1
370 389 1
388 389 1
389 390 1
390 391 1
391 392 1
371 393 1
392 393 1
393 394 1
394 395 1
395 396 1
372 397 1
396 397 1
397 398 1
398 399 1
375 400 1
379 401 1
383 402 1
387 403 1
391 404 1
395 405 1
399 406 1
400 408 1
407 408 1
408 409 1
409 410 1
410 411 1
401 412 1
411 412 1
412 413 1
413 414 1
414 415 1
402 416 1
415 416 1
416 417 1
417 418 1
418 419 1
403 420 1
419 420 1
420 421 1
421 422 1
422 423 1
404 424 1
423 424 1
424 425 1
425 426 1
426 427 1
405 428 1
427 428 1
428 429 1
429 430 1
430 431 1
406 432 1
431 432 1
