53
0 5 1
1 5 1
1 6 1
2 6 1
2 7 1
3 8 1
3 9 1
4 9 1
4 10 1
5 11 1
5 12 1
6 12 1
6 13 1
7 13 1
7 14 1
8 14 1
8 15 1
9 15 1
9 16 1
10 16 1
11 17 1
12 17 1
12 18 1
13 18 1
13 19 1
14 19 1
14 20 1
15 20 1
15 21 1
16 21 1
16 22 1
17 23 1
17 24 1
18 24 1
18 25 1
19 25 1
19 26 1
20 26 1
20 27 1
21 27 1
21 28 1
22 28 1
23 29 1
24 29 1
24 30 1
25 30 1
25 31 1
26 31 1
26 32 1
27 32 1
27 33 1
28 33 1
28 34 1
29 35 1
29 36 1
30 36 1
30 37 1
31 37 1
31 38 1
32 38 1
32 39 1
33 39 1
33 40 1
34 40 1
35 41 1
36 41 1
36 42 1
37 42 1
37 43 1
38 43 1
38 44 1
39 44 1
39 45 1
40 45 1
40 46 1
41 47 1
41 48 1
42 48 1
42 49 1
43 49 1
43 50 1
44 50 1
44 51 1
45 51 1
45 52 1
46 52 1
